test acc:0.7659574747085571
tn:14
fp:1
fn:1
tp:6
正解率:0.9090909090909091
適合率:0.9333333333333333
再現率:0.9333333333333333
F1率:0.9333333333333333
fpr:[0.         0.06666667 1.        ]
tpr:[0.         0.85714286 1.        ]
thresholds:[2 1 0]
roc_auc_acore:0.8952380952380953
