test acc:0.7446808218955994
tn:12
fp:3
fn:0
tp:7
正解率:0.8636363636363636
適合率:1.0
再現率:0.8
F1率:0.888888888888889
fpr:[0.  0.2 1. ]
tpr:[0. 1. 1.]
thresholds:[2 1 0]
roc_auc_acore:0.9
