test acc:0.8510638475418091
tn:12
fp:3
fn:1
tp:6
正解率:0.8181818181818182
適合率:0.9230769230769231
再現率:0.8
F1率:0.8571428571428571
fpr:[0.  0.2 1. ]
tpr:[0.         0.85714286 1.        ]
thresholds:[2 1 0]
roc_auc_acore:0.8285714285714286
